0 1
0 2
0 3
0 4
0 5
0 6
0 7
0 8
0 9
0 10
0 11
0 13
0 28
0 32
0 33
0 34
0 35
0 36
0 37
0 39
0 44
0 59
0 63
0 64
0 67
0 69
0 70
0 72
0 81
0 93
0 94
0 116
0 126
0 128
0 147
0 148
0 149
0 150
0 154
0 162
0 191
0 193
0 197
0 200
0 201
0 205
0 206
0 207
0 208
0 212
0 216
1 2
1 3
1 4
1 5
1 6
1 7
1 8
1 9
1 10
1 11
1 15
1 24
1 28
1 30
1 32
1 34
1 35
1 36
1 37
1 38
1 39
1 43
1 49
1 60
1 63
1 64
1 65
1 69
1 70
1 71
1 75
1 80
1 81
1 93
1 109
1 114
1 115
1 116
1 126
1 128
1 132
1 142
1 148
1 150
1 151
1 153
1 154
1 161
1 162
1 183
1 191
1 195
1 197
1 199
1 200
1 201
1 205
1 206
1 207
2 3
2 4
2 5
2 6
2 7
2 8
2 9
2 10
2 12
2 14
2 15
2 16
2 22
2 28
2 30
2 34
2 35
2 36
2 37
2 38
2 40
2 45
2 52
2 64
2 69
2 71
2 76
2 80
2 81
2 82
2 84
2 92
2 93
2 95
2 104
2 107
2 111
2 115
2 116
2 119
2 128
2 139
2 142
2 148
2 150
2 154
2 161
2 162
2 164
2 180
2 195
2 196
2 197
2 198
2 200
2 205
2 206
3 4
3 5
3 6
3 7
3 8
3 9
3 10
3 11
3 12
3 16
3 22
3 24
3 28
3 29
3 30
3 32
3 34
3 35
3 36
3 37
3 38
3 41
3 43
3 45
3 49
3 50
3 52
3 62
3 64
3 65
3 69
3 70
3 71
3 73
3 75
3 76
3 79
3 80
3 81
3 84
3 95
3 104
3 107
3 109
3 110
3 111
3 113
3 114
3 116
3 128
3 132
3 139
3 145
3 148
3 150
3 154
3 155
3 157
3 159
3 161
3 162
3 166
3 180
3 183
3 184
3 186
3 197
3 200
3 201
3 202
3 205
3 206
3 207
3 213
4 5
4 6
4 7
4 8
4 9
4 10
4 11
4 12
4 15
4 16
4 17
4 18
4 22
4 24
4 28
4 30
4 31
4 35
4 36
4 37
4 38
4 42
4 43
4 45
4 49
4 51
4 52
4 65
4 69
4 71
4 74
4 75
4 76
4 80
4 81
4 83
4 84
4 87
4 90
4 95
4 97
4 99
4 103
4 104
4 107
4 108
4 109
4 111
4 112
4 114
4 115
4 118
4 132
4 139
4 142
4 144
4 150
4 154
4 161
4 162
4 163
4 165
4 168
4 179
4 180
4 182
4 183
4 189
4 195
4 201
4 205
4 206
4 207
5 6
5 7
5 8
5 9
5 11
5 12
5 13
5 14
5 29
5 32
5 33
5 34
5 35
5 39
5 40
5 41
5 46
5 63
5 66
5 67
5 70
5 72
5 73
5 82
5 93
5 94
5 126
5 148
5 150
5 191
5 200
5 201
5 202
5 203
5 204
5 205
5 206
5 211
5 215
6 7
6 8
6 10
6 11
6 12
6 13
6 14
6 15
6 17
6 31
6 36
6 39
6 40
6 42
6 74
6 81
6 82
6 83
6 94
6 162
6 200
6 201
6 205
7 8
7 9
7 10
7 11
7 12
7 17
7 27
7 28
7 29
7 31
7 33
7 37
7 39
7 41
7 42
7 47
7 55
7 69
7 72
7 73
7 74
7 77
7 83
7 154
7 200
7 201
7 202
7 205
7 206
7 207
7 210
8 9
8 10
8 11
8 12
8 14
8 16
8 17
8 19
8 26
8 29
8 30
8 31
8 38
8 40
8 41
8 42
8 48
8 56
8 71
8 73
8 74
8 78
8 80
8 82
8 83
8 85
8 96
8 105
8 161
8 200
8 201
8 202
8 206
9 10
9 11
9 12
9 18
9 22
9 24
9 27
9 28
9 30
9 35
9 37
9 38
9 43
9 49
9 50
9 51
9 52
9 55
9 65
9 69
9 71
9 75
9 76
9 77
9 80
9 84
9 97
9 99
9 103
9 104
9 108
9 109
9 110
9 112
9 113
9 114
9 132
9 144
9 145
9 150
9 154
9 161
9 183
9 201
9 202
9 205
9 206
9 207
9 214
10 11
10 12
10 16
10 18
10 19
10 21
10 22
10 24
10 26
10 28
10 30
10 36
10 37
10 38
10 45
10 49
10 50
10 51
10 52
10 56
10 69
10 71
10 75
10 76
10 78
10 80
10 81
10 84
10 85
10 86
10 91
10 95
10 97
10 99
10 101
10 103
10 104
10 105
10 107
10 108
10 110
10 111
10 112
10 113
10 117
10 139
10 144
10 145
10 154
10 161
10 162
10 180
10 202
10 206
10 207
11 12
11 19
11 24
11 26
11 27
11 29
11 41
11 49
11 53
11 55
11 56
11 73
11 75
11 77
11 78
11 85
11 105
11 200
11 201
11 202
11 206
11 207
11 209
12 17
12 18
12 19
12 20
12 22
12 26
12 27
12 31
12 42
12 52
12 54
12 55
12 56
12 74
12 76
12 77
12 78
12 83
12 84
12 85
12 98
12 100
12 104
12 105
12 106
12 201
12 202
12 207
13 14
13 15
13 17
13 200
13 204
14 15
14 16
14 17
14 19
14 204
15 16
15 17
15 18
16 17
16 18
16 19
16 21
17 18
17 19
17 20
18 19
18 20
18 21
18 23
19 20
19 21
19 25
20 21
20 23
20 25
20 57
21 23
21 25
21 58
22 23
22 24
22 26
22 27
22 28
22 30
22 31
22 38
22 43
22 45
22 49
22 50
22 51
22 52
22 54
22 76
22 84
22 86
22 87
22 88
22 104
22 168
22 214
23 25
23 57
23 58
24 26
24 27
24 28
24 29
24 30
24 32
24 37
24 43
24 45
24 49
24 50
24 51
24 52
24 53
24 75
24 86
24 166
24 207
24 209
24 213
24 214
25 26
25 57
25 58
26 27
26 29
26 30
26 31
26 48
26 51
26 53
26 54
26 56
26 209
27 28
27 29
27 31
27 33
27 47
27 50
27 53
27 54
27 55
27 202
27 209
27 210
27 214
28 29
28 30
28 31
28 32
28 33
28 35
28 37
28 38
28 43
28 44
28 45
28 47
28 49
28 50
28 51
28 69
28 87
28 154
28 166
28 167
28 168
28 206
28 210
28 212
28 213
28 214
29 30
29 31
29 32
29 33
29 41
29 43
29 46
29 47
29 48
29 53
29 201
29 209
29 210
29 211
29 213
30 31
30 32
30 36
30 37
30 38
30 43
30 45
30 48
30 50
30 51
30 52
30 71
30 80
30 86
30 87
30 89
30 161
30 166
30 168
30 169
30 213
31 33
31 42
31 45
31 47
31 48
31 54
31 210
32 33
32 34
32 43
32 44
32 46
32 205
32 211
32 212
32 213
33 39
33 44
33 46
33 47
33 200
33 210
33 211
33 212
34 35
34 36
34 37
34 38
34 39
34 40
34 41
34 43
34 44
34 46
34 49
34 59
34 60
34 63
34 66
34 125
34 146
34 147
34 148
34 151
34 200
34 205
35 36
35 37
35 38
35 39
35 40
35 41
35 43
35 44
35 45
35 49
35 50
35 52
35 59
35 60
35 62
35 64
35 92
35 130
35 147
35 150
35 151
35 152
35 155
35 164
35 205
36 37
36 38
36 39
36 40
36 42
36 43
36 45
36 49
36 51
36 52
36 60
36 81
36 90
36 92
36 143
36 151
36 162
36 163
36 164
37 38
37 39
37 41
37 42
37 43
37 44
37 45
37 47
37 49
37 50
37 51
37 52
37 55
37 60
37 61
37 62
37 65
37 69
37 90
37 134
37 151
37 154
37 155
37 156
37 163
37 167
37 206
38 40
38 41
38 42
38 43
38 45
38 48
38 49
38 50
38 51
38 52
38 56
38 62
38 71
38 80
38 89
38 90
38 91
38 92
38 141
38 155
38 161
38 163
38 164
38 169
39 40
39 41
39 42
39 44
39 46
39 47
39 55
39 59
39 66
39 67
39 147
39 200
39 205
40 41
40 42
40 48
40 56
41 42
41 43
41 46
41 47
41 48
41 49
41 53
41 55
41 56
41 68
41 201
42 45
42 47
42 48
42 52
42 54
42 55
42 56
43 44
43 45
43 46
43 47
43 48
43 49
43 50
43 51
43 52
43 53
43 62
43 89
43 155
43 166
43 167
43 169
43 213
44 45
44 46
44 47
44 50
44 212
45 47
45 48
45 49
45 50
45 51
45 52
45 54
45 87
45 88
45 89
45 90
45 163
45 167
45 168
45 169
46 47
46 48
46 53
46 211
47 48
47 50
47 53
47 54
47 55
47 210
48 51
48 53
48 54
48 56
49 50
49 51
49 52
49 53
49 55
49 56
49 62
49 75
49 91
49 155
49 207
50 51
50 52
50 53
50 54
50 55
50 88
50 167
50 214
51 52
51 53
51 54
51 56
51 58
51 86
51 88
51 89
51 91
51 169
52 54
52 55
52 56
52 76
52 84
52 88
52 90
52 91
52 104
52 163
53 54
53 55
53 56
53 209
54 55
54 56
54 57
55 56
55 202
57 58
59 60
59 61
59 62
59 63
59 64
59 66
59 67
59 68
59 124
59 146
59 147
59 149
59 152
59 158
59 192
59 194
59 216
60 61
60 62
60 63
60 64
60 65
60 66
60 131
60 146
60 151
60 152
60 153
60 156
61 62
61 65
61 66
61 68
61 136
61 146
61 156
61 158
62 64
62 65
62 68
62 79
62 135
62 152
62 155
62 156
62 157
62 158
63 64
63 65
63 66
63 67
63 127
63 146
63 148
63 149
63 153
63 205
63 215
63 216
64 65
64 67
64 79
64 129
64 149
64 150
64 152
64 153
64 157
64 216
65 69
65 79
65 133
65 153
65 154
65 156
65 157
65 160
65 185
66 67
66 68
66 124
66 146
66 192
66 215
67 149
67 200
67 215
67 216
68 158
69 70
69 71
69 72
69 73
69 74
69 75
69 76
69 77
69 79
69 80
69 95
69 97
69 103
69 137
69 154
69 159
69 160
69 165
69 182
69 183
69 184
69 185
69 187
69 206
70 71
70 72
70 73
70 75
70 205
71 73
71 74
71 75
71 76
71 78
71 79
71 80
71 81
71 84
71 95
71 96
71 97
71 101
71 103
71 104
71 123
71 140
71 159
71 161
71 165
71 180
71 181
71 182
71 184
71 190
72 73
72 74
72 77
72 200
73 74
73 75
73 77
73 78
73 96
73 201
74 76
74 77
74 78
74 83
74 95
74 96
74 98
74 106
75 76
75 77
75 78
75 79
75 84
75 95
75 97
75 101
75 103
75 104
75 159
75 184
75 207
76 77
76 78
76 80
76 84
76 95
76 97
76 98
76 99
76 101
76 103
76 104
76 106
76 121
76 165
76 182
77 78
77 98
77 106
77 202
78 85
78 96
78 97
78 98
78 102
78 103
78 105
78 106
79 138
79 157
79 159
79 160
79 184
79 185
79 188
80 81
80 82
80 83
80 84
80 85
80 86
80 87
80 89
80 90
80 91
80 92
80 93
80 95
80 96
80 97
80 99
80 101
80 104
80 117
80 118
80 119
80 123
80 161
80 179
80 180
80 181
80 196
81 82
81 83
81 84
81 87
81 90
81 92
81 93
81 94
81 95
81 97
81 99
81 118
81 119
81 162
81 179
81 195
81 196
81 208
82 83
82 85
82 93
82 94
82 96
82 203
83 84
83 85
83 94
83 95
83 96
83 98
83 100
84 85
84 86
84 87
84 88
84 90
84 91
84 95
84 97
84 98
84 99
84 100
84 101
84 103
84 104
84 117
84 118
84 120
84 121
84 179
85 96
85 97
85 98
85 99
85 100
85 102
85 105
86 87
86 88
86 89
86 91
86 97
86 99
87 88
87 89
87 90
87 95
88 89
88 90
88 91
89 90
89 91
89 92
90 91
90 92
90 95
91 92
91 97
91 99
93 94
93 203
93 205
93 208
94 200
94 203
94 208
95 96
95 97
95 98
95 99
95 101
95 103
95 118
95 121
95 123
95 165
95 179
95 181
95 182
96 97
96 98
96 102
97 98
97 99
97 101
97 102
97 103
97 104
97 117
97 121
97 122
97 123
97 181
98 100
98 101
98 102
98 106
99 100
99 101
99 102
99 103
99 104
99 105
99 117
99 120
99 122
100 101
100 102
100 104
100 105
100 106
101 102
101 103
101 104
101 106
101 120
101 121
101 122
102 103
102 105
102 106
103 104
103 105
103 106
103 122
104 105
104 106
104 120
105 106
107 108
107 109
107 110
108 109
108 110
109 110
111 112
111 113
111 114
111 115
111 116
112 113
112 114
112 115
113 114
113 116
114 115
114 116
115 116
117 118
117 119
117 120
117 121
117 122
117 123
118 119
118 120
118 121
118 123
119 123
120 121
120 122
121 122
121 123
122 123
124 125
124 126
124 127
124 129
124 130
124 131
124 135
124 136
124 146
124 147
124 149
124 152
124 158
124 175
124 194
125 126
125 127
125 128
125 130
125 131
125 134
125 143
125 146
125 147
125 148
125 151
126 127
126 128
126 129
126 130
126 132
126 139
126 142
126 147
126 148
126 149
126 150
126 154
126 162
126 173
126 174
126 193
126 205
127 128
127 129
127 131
127 133
127 146
127 148
127 149
127 153
128 129
128 130
128 131
128 132
128 133
128 134
128 137
128 139
128 142
128 143
128 145
128 148
128 150
128 151
128 153
128 154
128 161
128 162
128 172
128 173
128 174
128 178
128 199
129 130
129 131
129 132
129 133
129 135
129 138
129 142
129 149
129 150
129 152
129 153
129 157
130 131
130 132
130 134
130 135
130 141
130 142
130 143
130 147
130 150
130 151
130 152
130 155
130 164
131 133
131 134
131 135
131 136
131 143
131 146
131 151
131 152
131 153
131 156
132 133
132 134
132 135
132 137
132 138
132 139
132 140
132 141
132 142
132 144
132 145
132 148
132 150
132 154
132 155
132 157
132 159
132 161
132 162
132 166
132 170
132 172
132 173
132 177
132 186
133 134
133 135
133 136
133 137
133 138
133 139
133 153
133 154
133 156
133 157
133 160
133 171
134 135
134 136
134 139
134 141
134 143
134 151
134 154
134 155
134 156
134 163
134 167
135 136
135 138
135 141
135 152
135 155
135 156
135 157
135 158
136 146
136 156
136 158
137 138
137 139
137 140
137 154
137 159
137 160
137 165
137 170
137 171
137 172
137 176
137 187
138 140
138 157
138 159
138 160
138 170
138 171
138 188
139 140
139 141
139 142
139 143
139 144
139 145
139 150
139 154
139 161
139 162
139 163
139 165
139 168
139 172
139 176
139 177
139 178
139 189
140 142
140 159
140 161
140 165
140 170
140 176
140 177
140 190
141 142
141 143
141 155
141 161
141 163
141 164
141 169
142 143
142 144
142 148
142 150
142 154
142 161
142 162
142 164
142 173
142 177
142 178
142 198
143 151
143 162
143 163
143 164
144 145
144 161
145 154
146 147
146 148
146 149
146 151
146 152
146 153
146 156
146 158
146 175
146 192
146 194
147 148
147 149
147 150
147 151
147 152
147 155
147 164
148 149
148 150
148 151
148 153
148 154
148 161
148 162
148 174
148 191
148 193
148 199
148 200
148 205
149 150
149 152
149 153
149 157
149 216
150 151
150 152
150 153
150 154
150 155
150 157
150 159
150 161
150 162
150 164
150 166
150 173
150 186
150 193
150 197
150 198
150 199
150 205
151 152
151 153
151 154
151 155
151 156
151 162
151 163
151 164
151 167
152 153
152 155
152 156
152 157
152 158
152 164
153 154
153 156
153 157
153 160
153 162
154 155
154 156
154 157
154 159
154 160
154 161
154 162
154 163
154 165
154 166
154 167
154 168
154 172
154 183
154 186
154 187
154 189
154 199
154 206
155 156
155 157
155 158
155 161
155 163
155 164
155 166
155 167
155 169
156 157
156 158
156 160
156 163
156 167
157 158
157 159
157 160
157 161
157 188
159 160
159 161
159 165
159 170
159 184
159 186
159 187
159 188
159 190
160 165
160 171
160 185
160 187
160 188
161 162
161 163
161 164
161 165
161 166
161 168
161 169
161 177
161 180
161 186
161 189
161 190
161 198
162 163
162 164
162 165
162 168
162 178
162 189
162 195
162 198
162 199
163 164
163 167
163 168
163 169
164 169
165 176
165 182
165 187
165 189
165 190
166 167
166 168
166 169
167 168
167 169
168 169
170 171
170 172
170 173
170 176
170 177
170 184
170 186
170 187
170 188
170 190
171 172
171 176
171 185
171 187
171 188
172 173
172 174
172 176
172 177
172 178
172 183
172 186
172 187
172 189
172 199
173 174
173 177
173 178
173 186
173 193
173 197
173 198
173 199
174 178
174 191
174 193
174 199
175 192
175 194
176 177
176 178
176 182
176 187
176 189
176 190
177 178
177 180
177 186
177 189
177 190
177 198
178 189
178 195
178 198
178 199
179 180
179 181
179 182
179 183
179 189
179 195
179 196
180 181
180 182
180 183
180 184
180 186
180 189
180 190
180 195
180 196
180 197
180 198
181 182
181 184
181 190
181 196
182 183
182 184
182 185
182 187
182 189
182 190
182 195
183 184
183 185
183 186
183 187
183 189
183 191
183 195
183 197
183 199
184 185
184 186
184 187
184 188
184 190
184 197
185 187
185 188
186 187
186 188
186 189
186 190
186 193
186 197
186 198
186 199
187 188
187 189
187 190
187 199
188 190
189 190
189 195
189 198
189 199
190 198
191 193
191 195
191 197
191 199
191 205
192 194
193 197
193 198
193 199
195 196
195 197
195 198
195 199
196 197
196 198
197 198
197 199
198 199
200 201
200 202
200 203
200 204
200 205
200 206
200 207
200 208
200 210
200 211
200 212
200 215
200 216
201 202
201 205
201 206
201 207
201 209
201 210
201 211
201 213
202 205
202 206
202 207
202 209
202 210
202 214
203 205
203 208
204 205
205 206
205 207
205 208
205 211
205 212
205 213
205 215
205 216
206 207
206 210
206 212
206 213
206 214
207 209
207 213
207 214
209 210
209 211
209 213
209 214
210 211
210 212
210 213
210 214
211 212
211 213
212 213
212 214
213 214
215 216
